5.906262853951832	-7.729464584682111	9.144944874608196
-8.640323106971573	1.7242604350569888	-10.696805187953952
0.25854061492215674	0.23062223968214718	0.7674391638194876
-5.234353794193943	3.194685075162285	-1.8943847407605263
12.62286294146571	-3.5078877906880543	4.086258338102421
0.7855670569156168	3.007478450451627	0.001893147740198886
-13.845236700686861	6.07010837676231	-11.57755017004028
6.9171360524662875	-0.2068945076277069	4.9105774925259835
5.836016797950418	-3.178312895008559	3.303392428640947
-10.478944047951659	5.925387695378657	-13.357353758930055
-3.5392253172408568	-3.4052859804602877	10.492235878065781
10.128869097883697	-0.6986836168986226	0.5524671572369011
4.231113933662194	4.159193962135746	-1.7232948598665292
4.323998560262422	-4.227015311492775	5.137493681024748
-3.3991360509448625	3.197375462608743	-1.6589144408561467
-2.9088468081050083	5.28542611032149	-2.6943267819647247
-9.117874394046853	-3.128798938556823	1.5743597966398817
9.43054031462336	-6.039719931124197	5.435902294607033
-1.1984294885291105	-5.340160127130519	14.318966571861937
-14.289449488228573	7.189617100110167	-6.251821767437017
-1.2781876422346303	0.38588744300967903	0.5592089502257871
5.0749958652847855	-1.2638777277145588	3.0138871305552395
20.569906019930976	-1.650752608862998	5.662747423172425
6.338650508319397	1.4452339278873094	-1.3439370604402034
17.887741034456848	-8.400556769011873	13.14923428023287
2.223101353250821	5.273933747996152	-5.522885040786852
10.072727595702379	-2.56377691635878	-2.1540550701138184
5.156382052464902	-4.386653427478167	0.4076794842914744
-1.7491468464345918	-2.0205035175284562	-3.3232386878346087
16.939379060437894	-3.2985403743728816	6.655153805202053
-4.2921846110035204	8.02554453462111	-15.180393968504902
-1.9126252624181805	-0.035824632096408404	-5.127401307698385
13.441021669787292	-5.31953591685175	5.118193910026717
12.603432315459601	-1.8784881214669578	2.2054274485933267
-1.3893900248082975	0.8887036946052689	3.6519650367080994
-2.5143494357067895	-1.8914856324333207	-2.0558253315764636
-13.504633091347973	1.1727604183946552	3.2921131207716368
0.8303779499295082	1.3756679498837736	0.7669115644250104
0.4285909633602915	-0.8999793291863603	-1.3832093906104905
8.07489614014004	2.826874027742844	0.08497589625727442
-4.262816746389107	-0.2742678049312399	-1.005998148147731
5.390879423388214	0.4275653312205038	-0.29615929451227535
-1.4361233674778573	-3.2991426135271555	-1.4006152309749071
5.303150097757017	-3.232647927743229	6.854890163816225
-3.2322889726711614	3.505515946061578	-5.453981087392348
-3.642082145657181	-0.7333574287537452	3.6485375518500427
-5.113190635545234	7.5348179797154975	-9.177203725410445
-0.027009761917374808	2.6907740013299484	-2.138882354044947
-4.760625151174893	0.9687556724791533	0.7445119985110696
9.400214819991646	-4.531756911226879	10.152210563923163
1.1503488322142679	1.5745652827745609	-0.7203831551101075
-4.601742041293863	2.7747546455671035	-1.2581471947974492
0.4867268249197114	2.538707271842805	-4.795551478316268
2.3523594136957797	2.8870084064286816	-0.47411346313997016
10.070087924095354	2.1541424191761207	0.05234836051671865
-1.399066041547457	-3.3860203551622936	6.712102296030465
0.6439365204409995	-0.4885313730751294	-2.512815848605757
-7.464896313162974	7.8072910308193695	-11.009409138606806
10.416439851860224	-3.411082342813005	4.413814690931784
-2.573822172733033	3.7502553150884603	6.109207553994407
-6.505891496600266	5.0664627594816585	-7.128612744098903
1.861231470611421	6.169682406437824	-12.471114367404597
-13.198503237219786	2.9072723165855505	-5.2648896468558295
3.7986299049156127	-2.234776286404989	0.5942827663147592
-10.9496942275645	5.490204682814135	-7.837269897082385
-0.7868338885712693	1.7290373447989245	-1.0810233384812435
17.475862263755666	-2.8365891005749124	5.777767221116973
2.343258854412147	0.4396161856937688	3.7450489204893165
-11.733004478263911	1.1305486713144186	-2.563432680374396
-2.944737791439933	-5.591250673184615	6.497110049558081
3.7046823216609623	-3.6270442210404794	0.027329295106167883
5.014998373452432	3.9263650422341487	-7.203548076910057
16.67426488950314	-5.3673407306068	10.486974033990746
8.467977937569724	0.5239817780206959	6.777764268183188
11.044890503620152	-3.734587188148223	10.985159991134248
4.811286133727636	-3.5223709539403245	1.7626468959150108
3.574531722383907	-3.59824982667095	6.147816101423767
15.890931284732774	-4.537131384338714	9.530007467561047
-6.642371784065127	2.8990679602332587	-4.316226296939817
-16.182708136923807	4.492155133753576	-7.064177813554996
3.1796166909780053	-2.347930686321225	9.19189236866501
-12.320094954302647	6.400692394287485	0.08324382767477667
-18.246743518360173	2.4101088074685144	-8.399178307770311
-0.1909142317680712	-4.591256433647158	5.146661028732119
1.0976618908520486	-7.6547501167809555	8.174948604852965
-12.093972890436639	3.8757547908849364	-6.571623297141501
1.5336234128332293	-2.270003157370984	-4.393715508450099
2.089399016703651	-3.3549215531532655	3.7224152636426044
0.050761641636119625	-2.9263216741494777	2.8621986361103593
-3.932871688275349	-3.6736157677837804	4.491448055432505
-12.855407978302958	1.7022268854265277	-5.905816814360461
8.696463155697213	-5.622684037684323	3.8047298814000463
3.3124306699957033	-0.3160877874895236	5.054009364100784
-4.666976433501471	3.620204261392258	2.5358786190379248
5.659820665954268	-1.8269231269053803	-2.564174373943941
0.8377815958455621	0.9079533295559359	-0.9417362548026196
-5.700915615454024	1.190944037103257	-1.2847316561712012
7.721168522167737	-6.788236322077521	4.288303695571387
3.6007622953157368	-2.4513972158162813	5.644399928933301
5.153438324743463	-2.9500957648263952	7.2056384412223915
0.5823125080451127	-1.821690544152625	0.7716527191001037
2.7455109163351272	-2.4964527717825655	5.119495393240193
14.71511621316396	-4.948517705528514	7.572862283477602
-7.445861390082361	-0.5827544743375838	-0.5473930265330363
-8.405264475840692	2.367545561493352	2.6367482216137104
8.265870268965818	-1.3342059252151748	2.5012963596744813
-2.7275743113871957	3.3893699240690123	1.5442175401003733
9.381871044944635	-4.1308815319444285	4.936263318244365
12.815345027908153	-2.7657713699857833	6.9631487684782885
2.7713310289334334	3.8007925552660886	-0.9762538035603388
5.091388122700801	-0.16640757452492216	0.0874133421385418
8.716045581407624	-0.900137604256831	1.3797407833718958
11.274711959852624	-0.9622923329732458	3.341414745727491
8.636975403214034	-0.860971842684825	2.1840063365285918
-3.5948336837438792	-0.37530763679392243	1.5524690147588636
1.4459622621185806	2.041646218968437	-2.8742575812487696
5.514728523583054	-1.8638194316874677	3.3856488589449705
-3.8143156693637525	3.4041357040912152	-6.367572928757332
1.5589106645029016	5.224124120752504	2.152767028585699
-2.9100800515274563	3.504071541673275	-5.880721801037636
2.466192920428939	4.160470348609551	2.8218364128127993
-12.058107745787416	2.7872635370576124	-5.152289264797203
5.222302922362836	-6.422908549444814	10.316521544239912
0.6510554547784819	1.0499967410024753	-1.5828606702066226
0.6178430470445417	0.5235990551273875	3.58091461224721
7.935318964322617	-2.2435228308719575	0.3299554802639437
12.97556149353559	-1.4344041495921345	9.226736420305635
-1.5522131253561364	1.7933992286467786	1.2054859576459829
-7.831457204749814	6.597815863885648	-6.920515872533205
-8.184072001655762	7.739959055928843	-4.490468212658928
20.539255827694987	-1.2503982431189895	1.9613072791628987
-4.824318387807918	9.885360402452216	-10.141144833027482
8.105285940574753	-1.6006569242156523	-0.8353540145733184
-3.951244146913811	2.514634143296139	-6.109261310473829
-10.559002861679387	2.45682622552175	-2.6570413246151245
-13.836567200565977	1.3563804882925155	-8.897499022335456
7.229125024947459	1.566470313776209	1.9411925003118857
-14.115813050188713	11.866321163108452	-14.749105114192933
7.389937018072149	-1.785044804208828	8.01104983124653
-7.3839264876682975	-3.7358477527021217	2.0070932271768074
-7.88267123361857	6.605360555436386	-8.734276330397265
-9.248196081682362	0.2609374489644278	-1.2322340725211287
8.200702042619294	-1.2966059257882536	4.076373628686415
7.6814577334200695	-1.153914607467148	2.086967291356496
5.6339957878960885	-3.066940513436912	8.32039799907787
0.2051162715798659	1.677211449972582	1.7722921493133792
-1.3551947258772168	-0.04023592803275977	-2.902638466442675
9.812912018934036	-7.090022560299127	8.536266841018392
-16.62776272821591	2.3684494272157455	-1.1957447439903384
-10.630240285505947	1.2896066340782701	-5.7742735100733436
0.6457404593800886	2.1851583938080337	6.834169819513437
-5.039699887046149	1.5782194003081125	2.3396959029017337
13.64507683054731	-4.554497736090026	6.9396008873682415
3.697422507143858	3.7232190797037688	-4.85209604564982
1.0521290330745305	3.5538513508732095	-6.08432275684563
7.810665876743614	-3.9350123077052896	6.7076192195834725
-0.685846122657854	3.102234387465515	-2.24111533228078
-15.830801054706566	-1.928520768785225	0.2830845832784392
5.12359968245608	-4.972824231963919	5.680582627714182
5.074218402983775	-2.3480135224329675	2.734133068304535
-0.10015148611003732	-2.4492789075626584	0.10549611396580638
-0.039317609579694865	-1.8563421141400527	-0.7561457746606115
0.357149043743625	2.083314271256217	3.232461863628686
20.630050491824942	-7.152787052003224	8.559219306653032
-15.673171899850114	2.10750127335479	-5.995266044494818
-0.09151163184068278	-2.8102693010367523	2.5317058238631946
-1.602237495617026	2.00142180427036	0.9179364175114224
23.19585370376651	-2.630135838867344	6.441738520094912
15.243859777741795	-0.11915873404693511	3.3908423078140153
3.2246815946319694	-3.0164058313248034	0.43139575345433245
-1.1895753352983562	0.36860497637494793	1.6970406579194082
3.9090700374999727	-5.131682779758806	8.591605352838844
2.455426341679494	-1.5397642469152566	0.246752619018471
-12.660966877832122	1.3176495158816595	-7.992507302247611
-5.188486405371757	4.3634590276468534	-3.4761443034472705
7.824680042125433	-3.025427217022048	-1.433043854804442
8.349703265832474	-1.7539685561511136	6.642397217050551
0.8664760710971857	-0.6745271384232872	3.945261519681966
6.8441306450204795	-2.6666290348956068	-1.7308929435164375
11.247344885099226	-4.995163508009023	8.89124747484754
8.210690418620196	2.960624906551312	-5.169917682736096
13.985730872652576	-5.173515142597129	0.08459169899056285
12.611031002863173	-4.269595193969231	9.676425014727599
-16.88092797303598	4.861121668750827	-9.8807709681892
-7.3591616483119	-0.06734430661289215	-1.4281097169869499
0.09011694008718107	-1.549010881182146	2.754375039327406
-6.175097976779086	1.0233178247844879	-2.3469361611490354
-9.117365277314603	8.520245949479358	-7.441518997633773
1.1626578772389218	-1.9708674689841141	-1.7970145193389466
6.191829272044744	2.2413507555575327	0.9013219392503822
0.9872607129412483	-6.98598707885283	10.005126324693894
-6.76617413830172	6.948916382851706	-3.2657225978666866
-4.276446305535288	3.709473447675876	-2.4123792889481366
0.3357850174186776	7.288217954652423	-7.160042598243803
6.980629952753908	0.24440743205700133	-0.6395808271208329
17.019684121140166	-6.075592662604825	4.808701283941204
13.137988413726251	1.3672813274711364	4.06852684958476
14.164241847988377	-1.9255411189455152	8.511417162733284
-12.488542219145527	0.10209874277850384	-4.259169786347258
0.6422880603793676	-3.037606421263706	1.1768126432298482
4.626680840328412	1.749379729077854	3.8842256045587327
2.1598994675598933	0.19827104303953152	0.7120512395498351
-7.42225095981861	0.7479794349240745	7.163612268171622
-1.5439178881530113	1.0805890223142265	-1.354115615385838
-1.3058376164695953	0.6943045603262055	4.687195790464748
-5.146413636230046	3.7589605285893484	-6.575794243136121
-5.101563917167879	-3.900011184074506	7.375015406534157
-4.207053421952746	5.704955339252264	-8.974949134610656
6.5901588881771165	-4.659252049868723	3.2079119219141674
-3.85148564980518	-4.833720276346356	2.67985582116156
-20.251710024929615	2.199047571840049	-9.298624269103016
2.246723692863582	-1.2982429040896641	3.2797223435793694
-18.303511584711174	4.672015837390764	-8.774233952066485
3.695289577177408	-6.474063999186532	5.886587928683283
-23.09440273017845	0.5766291157312082	2.2653149799051766
-5.793682543930736	2.945806861056198	-4.48994647594313
4.779503417436566	-1.0984574621834078	2.989488156139934
-2.0446883308101897	-0.8922000594970045	2.2419624933207962
0.030929217256914665	-5.012079452980345	3.2439090552469496
0.10002710572241269	0.01717992758178344	-3.3448321976703665
1.0477298671197193	0.38875942624660187	0.2743100339025356
-4.952583416753167	0.11289603387538599	0.835710754595625
-3.0499456634633795	4.483721164546694	-2.9175424032288917
5.152894287815883	1.5364715031486331	-2.597412101373384
6.354122647748939	6.734042559319674	-6.751641590241231
11.731785473820684	2.2473846679493716	3.40078891778665
3.849776587399531	0.3469530668881262	5.645862367101264
-15.541718217405087	0.4716428593251024	1.0679906875385976
15.877739863130776	-1.0692902513097586	4.444038697250756
-12.953963722303566	2.442044491334297	-3.094921476647411
7.3625967866088935	-3.4616315291630033	5.320976185268299
1.1783030679859898	-3.4299696331779352	5.948284739690496
-21.577537260227864	2.0051904840384265	-0.2012363226393593
3.4927509156103986	2.9402949661709226	1.5238737191760763
-6.983324269227239	2.6453689024231526	-3.2176266714527433
-3.489903459319369	2.4105647906418697	-6.0463518903822315
-4.301045925377371	-0.28000878708858556	0.954346346220407
8.92112218924701	2.1258245844560264	-0.8402976025410133
4.938780695016334	-4.012777406119803	0.7720109409220663
-2.413423213666605	-6.384504789872915	5.803544896222176
-0.24805627740948227	-1.2057406337682237	-1.9191783653635786
-12.644289793057016	2.3240099984360114	-9.967686860968103
1.3281294071795147	-1.8218490066929498	1.3169752355648203
-11.89475497069114	2.5731439150969577	-5.247760763614236
0.04240170919944575	1.395801377784717	-2.3233398321507446
-5.589493296889994	-2.5536513972002193	0.645112368390075
-13.828458827563846	1.6108162181168408	-8.281923835944239
-14.909284971164343	-3.1628247292987814	2.665149415002423
-3.3935390153815725	-0.4787535264826759	5.044225414116632
5.066115123714004	-2.507166711777248	2.9090981745482325
7.466476489833834	-3.4633076416848265	7.385341241424395
-16.747719835219684	8.66006716203724	-5.994052586884749
-4.195122931913791	2.0887882612421924	2.043308858067283
6.405235446493969	-0.9761636206796216	6.12406993748753
-1.3663744815003331	-0.7536502835161687	-0.4806380527249404
10.931805386617642	0.5801391356757977	4.0562027037533035
-4.276767629604554	1.2736783106636569	-4.1888522611714984
5.097855440361599	1.0496908864064027	-2.136997570657243
7.3883753960403995	2.57619407028086	4.783669836332841
2.3839188788746988	6.2394131828504245	-6.617930816557823
-1.1515030631221266	-1.2423654863318523	2.9910232227253504
3.0154096531936343	-0.30365765993385013	0.5736342520843694
-20.0275289183178	-2.087941415407855	1.0884444336333452
-6.771694760309117	3.7652051811451743	-6.583743479146488
9.242575609559125	1.592690885029155	2.668668526837751
18.599417981161473	-4.894297324964532	-1.1363339634128304
-4.375150483583202	-2.1143118950193713	-1.1692498317400806
-10.68043774536801	0.021223979564941847	-0.3576548644322938
-8.536345290845446	4.153694151032825	-2.4559669245624853
-10.221696329600663	0.9891069584738339	-4.879563984712378
3.0818853777424375	-3.8757064260123175	3.7022252202475183
-17.524814617707563	1.6153750843125239	-8.40163661130272
3.393136350445295	7.994898613813316	-4.236913798413768
-25.86350345678861	8.630144697624175	-8.400664863131317
-0.8531235111595825	-1.7384780105992117	1.7677365171931305
-0.3817410828182547	4.577276916129296	0.8783553266978736
-2.089929653667694	1.1917746890823318	0.32523079285187506
0.959539577499827	3.2075543894597525	-2.195227827702946
3.86960952209644	-4.217618868828119	5.899247406330548
-4.702175592243016	3.3065945009856996	-4.212208526265561
2.3413451811802273	1.6224353888850669	3.540594554858945
-1.7462974402411993	5.7977972564789315	-4.620567514626475
15.562438303137899	-4.523694377147597	6.097742456155463
3.103804977544282	-2.205564619543943	5.001981765595529
2.385226253340334	-0.5486087682955477	-0.3739086267458181
15.209530913558076	-2.755972277065465	9.281877512100426
-15.791366547104852	3.7381202765053807	-6.799322110047073
1.5590571438525855	2.1655000521598007	1.2836848740092028
9.310042576769874	0.8812919019363246	2.4266286692267163
-4.846635693091318	1.5747390988259289	-3.612832577940929
-10.772363790234118	5.154902092517358	-1.706642292596834
11.347492600357551	-4.164892835402453	9.615289968396525
-1.0958533368393362	-0.10307159172523139	2.019154259121327
10.031900399338596	3.732261763533597	-3.039665115151451
-16.105370339260194	2.267398142112105	-12.5815313874234
9.115971408703961	3.9798224280385397	0.39763178994955783
-10.160158688959669	2.445443198684705	-2.4750990311067627
5.372189823809289	4.005472066130698	-2.053566318055961
-4.609416381980868	3.334596837964384	-1.9604753612404318
-7.554000100355411	0.7182442623389811	2.7553328961978
-2.668280344670078	2.410854958261078	1.9031469914081014
11.051462301124793	-4.606148545074381	2.7694757101941043
-18.89677073127476	2.3046183119454318	-2.589664125341618
-9.069937140320478	2.7783620173616352	-4.069810959402064
-6.933258300479999	0.13106231064574367	-0.5547698484848975
-1.590777336421071	-0.06055381076216837	-3.7531800001782067
7.71503586229678	-1.2943934213218036	8.278930959787234
2.086301317337913	4.07182688461117	-0.9558559941693683
20.555880231302023	-7.941936558329805	13.345315029827063
1.8037317632907783	-0.4323368551214301	1.4796303676006208
-0.4404250153533322	-1.6528225060148474	4.0526566619574025
3.9169283664616708	0.7658723487784922	0.6891998677176782
-4.285279723324854	0.42879349411383894	-4.776944915370267
-3.424004619603279	-0.08987715798531304	-1.4379592649408162
-12.75007544734736	1.1749928906342584	-1.828255265832865
7.5329516250791455	2.0158369125618036	-1.2507418861190156
14.054697214492041	-8.793400285206713	13.11433798338512
5.530281688137798	-0.6358182314352894	4.541711338186463
11.978629002262625	0.7149807022014225	6.9749921278426905
15.201806885301341	-9.681618733130506	19.08259852165257
-5.761908028555249	-0.8708708685553905	0.23481677524810868
12.18230333998281	-2.5607215867284854	3.3559022271754237
-11.815675278905251	-1.5243751618818122	-4.082152633612645
-12.841030532794257	3.590476447586307	-7.528012680226131
9.08206855196103	-4.112468162694656	9.715142670407444
10.864164680890806	0.7708351102325384	2.186239552537117
1.0612791070806527	0.1699204178540339	2.8674481887167484
-22.12812069415976	1.6753097644908683	2.5718944600351485
10.937595243984301	-3.343096693202475	0.34092827946194193
-2.1346009935103054	1.827329148710708	-1.3283323507419436
3.7590594477678883	-2.985603740728826	0.9061595520858483
-3.28613216056124	-1.7126259462590605	-6.839088924011897
14.006528086044161	-5.912186314539046	2.647401781497003
-2.6697578236822865	2.1362318949899177	-5.090075677313717
2.370322574235548	-5.930434851331998	2.973141544605491
-3.1980502762034817	-4.788859632356865	3.820566860824277
9.50110437117855	1.2572822804235786	7.733323851116477
-2.5632697978478314	1.4328197552404507	-5.02201337475194
-1.1143056670509086	1.4972485405886933	-0.3329230358092866
7.326012485801357	-1.1310098784504767	4.237760054694055
-9.240995233346151	11.843200537091311	-11.435945951918631
-7.284140472059471	5.78281496495015	-4.1229417329205225
-3.7622710501510537	3.5913892030501375	-7.069509540178055
-0.22750636808020783	-1.8180321956415129	-0.9916313292545468
-6.076120259083798	0.4904547258429952	5.244884695643338
-16.437466701959636	6.24177483166513	-6.9827573791507564
-10.576640685127852	3.6899916484300332	-4.176676499992091
-7.196155612417846	-0.44900095997899747	-1.5486366578266009
-19.144625420341946	6.771411042754968	-14.79453397871487
13.830320358852873	-2.583931162495485	6.970481356091942
-9.548542566162467	2.1471919392029912	-7.292504464593802
-6.356187364033766	-0.7891034378098936	4.3476801430104866
-2.438219146926788	-6.1438052460481005	6.503603140177343
2.305503643919847	6.051596932715814	-7.8058591169170874
-13.605588578653535	5.967133263320818	-12.114537446467851
2.7062487679045537	-3.8258777019441763	6.7655768241267955
14.823962888833709	-5.935832699943374	5.752438513393625
-1.8152520832170485	1.6238751489865262	-4.470695472811915
-9.84934658395473	-0.02065499618105049	-6.76760791203405
2.9976956330595543	-2.4448695134178413	-2.0163346192937226
-5.359889583656417	2.7263766287264417	-12.780695174248512
-0.9698013420359897	-1.138867430793594	-7.498589715316598
-1.4062118278574918	-1.3609098607626564	0.04679307111451103
0.4455812058374531	-4.252221515266772	3.9258612842169134
14.159954434011885	0.5955266056306385	-3.2340340730679715
4.6979514601792305	-2.1977778357334836	-2.020387235222098
3.054212772990174	-0.9029029608074965	4.707952953991398
-1.243201119596117	1.7235482642962094	2.122901093645093
-2.8808870296098976	-0.884466471923513	-1.8686022145909802
3.7173606776885233	-4.780411850015549	9.858771394036156
7.780975189032628	-1.3781670651935072	1.8519167568318542
18.797587267944756	-7.228289786917242	10.617858324220357
10.83081371976714	-3.129612261207777	10.854507912990023
-24.704649691382556	2.2130873997087477	-1.3616126956500416
8.960224400877166	-5.664908724311102	8.611952663074032
-0.5587964259640896	-4.14869769824094	3.625648947591398
8.705269589335975	-7.239777630122671	7.652541673605661
-10.074528215441816	6.600794835893199	-6.593448617465744
0.6987948585756758	3.400513519106466	-5.5572966887247315
9.311019609095725	-2.7713296945949653	8.14101322274082
12.244819005248242	-5.158160384860724	8.731331087733171
-7.021973566702982	2.5782467008959786	-2.4844026579949716
-1.1373143120571152	1.999288747092042	-2.358522739928157
15.64259818981269	-3.2264665792947644	2.75775785316381
-0.035646486249178155	1.6533654608452657	-0.08223990583576679
15.842287594151484	-3.694552591192812	5.837937456280567
-17.213090669711384	1.4354746863418337	-3.061237337746185
6.886628939163281	-1.6679929366748656	18.160135773633776
4.2405236851561785	-3.1050728794649074	5.084304407471986
-1.566604040804294	-0.4542354538522715	-3.8651770273308053
9.017064308143723	-3.535814568486424	4.02615202755265
-5.087372751907329	-1.1164623097109816	1.217753475844167
2.2505189617267325	1.4152166815938796	6.444631381891414
3.9595633874745184	0.10623576826013537	-3.4811726786856365
3.370163260104385	-0.4695117568095284	2.8939736551854662
-22.694893942828628	7.005044701672454	-11.416809373815614
-11.488350160849278	5.509085394902037	-8.030283971749208
-6.568823384785319	7.238550807540429	-7.56462274297288
2.0791660989881136	-1.0570805747234835	2.859734256066112
-0.26536914836665315	-1.6500973037263635	2.302895602812117
-4.505858443599788	-0.07095720620185036	0.6007361096336089
4.188591679354159	-4.006943617794691	9.752703460623367
0.9354984930596371	5.014248409772499	-9.45728186978591
-0.6409194153811015	1.0451061781102045	4.434242270009742
12.497121639247014	-6.2663079479030905	5.339586533079455
1.431718767542868	0.5430606700201948	1.020839212473514
-21.342667523850917	6.9527529662372185	-6.460120608663816
1.456228878233498	-1.7676632711370257	1.9347676061787853
4.822263338648912	-5.807784487105087	3.812186465993631
2.68711691410656	-5.760648460864048	11.40548936185935
13.644093791466679	1.125358394088976	3.0907477063947564
-12.553320566003492	1.1965547655226065	-3.2694449767573412
3.4677417433673443	-3.945603961302883	5.109568334890757
1.554737525553079	-1.6905290899851635	1.9276898267814597
-3.782927193313835	0.4637552324456624	2.6185196978494063
2.1539109275276895	-2.615202116847043	-0.31709461294322505
7.189011322729432	3.454677458791489	-4.706170842186997
13.64796617231178	-5.912412284322008	10.91078077923652
10.868393442269003	-2.7005641411974266	6.906429073147889
9.00111030566945	-4.312975960242572	11.611185786702846
-5.570897595521277	-3.0775499154669963	-0.3313115420944037
13.233062402125011	-0.3097709614852777	4.5890249764982975
15.039106480620285	1.7479687638815957	-6.23426533196471
4.042914253076683	-8.2307542073946	7.222726056479303
11.193260908657567	2.7779109699651627	-0.3691293864859573
-3.063001958826789	-3.5531035837483778	1.4468186150136468
-5.834367092835678	1.6493902131373814	-4.023227231668369
0.3122015646898566	5.746562159144042	-9.584348547181303
23.139421680762762	-4.1497046098218	9.188306558421571
-14.956111925180101	-0.9920302992981433	-1.2225420706879127
2.9148656768575094	-1.0689324962474631	2.298104263459827
4.359815824479721	-6.242783584336914	7.113424167709975
2.096576341846179	-4.42143641101847	5.627807107998009
-7.720636429020651	7.656759648642663	-9.746537622670958
-13.24347068132046	1.8247246901094851	-3.641517548933027
2.5841009584571815	-0.06912674439016708	8.277401971976
8.264932194848933	-0.5155120298162461	-4.0993566500721945
14.159107942576686	-7.1479496856148295	7.024329535741821
-0.9032482956904034	-2.792485427099888	1.265963519011232
-14.880844630800546	2.6162090045487343	-3.3076153049199295
6.2123031732084435	-6.40273404529194	8.17212217456338
-3.696510412724579	-2.466571979047143	1.0682263327277162
3.5189818744030346	0.9201041339426625	-3.6914992613019715
1.2583853414705466	-5.790359236603291	3.410778069013322
4.4899242582731	0.6078784660702576	2.9001763872557182
-3.2263041827453596	1.1228142546215534	0.9896518541630311
10.316000648293642	-0.3249029244671684	4.920168655338278
13.229158252684938	-3.4820141465631638	9.23357240888794
-10.952762581554014	6.209046442353836	-6.435684728795088
4.945801603349115	0.05475111836688057	-1.2230110418867453
-12.013017205720024	6.929883289762122	-8.854605570013316
-2.386386979546157	2.8763873812006553	-0.8384746227382749
4.906064811961614	1.4450397385111071	2.5238016962719336
-4.042346159690148	-3.891637426265836	4.427184420750215
-2.3321084427224568	0.6722342150304449	-1.3053061424875543
-9.752673817501039	3.308769893569635	-3.968619048569516
5.450170350364095	0.9191553577501045	1.3161654071892372
-3.5427104360191786	4.154690189772878	1.7473524838263974
11.59646500155228	-2.032131090261255	4.13186228638055
-12.916675437455572	7.416546417237757	-8.192251639495307
10.155581828380603	-7.474007720728515	4.653387169128967
-2.3694963532937487	-9.92227853503805	7.145404902333814
5.093758399895704	-7.625576690326932	6.152400518632379
2.2796740004030562	0.5610810248465365	2.7103497870877318
-6.552331620625604	-0.04283647961052306	-1.7750985802266985
7.271279982745254	-0.9288361797874777	1.261065020370627
8.473220045570711	0.2049371212077855	3.5492794017808382
19.206536659583932	-2.1712298553554623	6.39338578825081
8.074457267616669	-2.886974537315496	0.8587284082519082
-9.167016305927831	-3.1455802208221586	0.8026739937290428
-2.099976380867008	0.19951967690121367	0.0007372340980528608
2.1831798410214143	-0.598186811215596	-2.3530723826059696
-5.284561018871941	-3.6560684885905808	3.1972129268699785
-1.9439739400283067	4.158582777365203	0.8445805494043026
-8.88544726856972	3.7943470752107387	-5.816078365890769
-7.872952061921388	-0.7078293870010497	2.7649048577244613
8.224203114887636	-1.4970803816546818	5.739263905025539
-9.851654229603385	4.480499957883286	-14.800810094690842
16.375731567970792	-5.86290934315259	11.976093197105877
12.821846899995627	-2.37028068533433	1.0177226139642899
19.372878573366577	-9.188909643208023	7.347267574184592
4.55327687123927	-1.746339976103765	-2.5195779343262372
-2.1754800531468184	-3.190484170063558	5.942361844384865
6.379049075618942	-2.2162146563767413	4.89318971687983
-4.600887173931278	1.7668316848849046	-5.360794950386802
22.970568368189262	-4.945934657871401	15.750116954814665
1.3617587468766081	-2.043402268680475	-3.624184546097758
4.754169727063816	-0.4397341589749866	-4.785461391066813
9.622187780849403	0.4113441368349333	3.8446189372744173
5.817105752922493	0.3336239592588738	1.7220523034376152
3.051512080397192	-1.8917893805776351	7.405288933804068
7.757857726571208	-3.2615236528227216	7.996161077473104
-0.3990428463653539	-3.376591624312777	2.2627717945139274
20.714415163692177	-12.295405972766018	13.291289335147528
-6.73355167520586	1.286000096928627	0.7741098911047309
9.159987077383757	-4.33988223348539	-0.7183735254240595
-2.1032070936410605	-4.254200663680032	5.554421322687801
-0.13208693636963031	1.101307412159345	0.9892880131051438
2.7690699927788995	5.761663380009876	-1.319306623627655
3.8842744162923433	-2.1702310373594385	5.228206495790989
7.433414156713591	-2.8255659832482203	5.454211812914323
-12.740976715381935	6.54525309090886	-8.589458461412374
-4.062871863783243	-5.779001345635497	5.658446260324741
-8.980443442736014	3.3548556432275936	-5.676483698714943
19.917531774265242	-2.925894754652632	13.561596207656201
-2.380851214900325	-0.46368965483696223	2.5814669408963065
-8.398602880594003	3.5819089104081105	-4.24662191031292
-9.985743327909013	2.3473623895044264	-1.42906478296163
6.5455629451529	0.7530015442762352	0.9679272897687452
2.8033615315381146	3.7187466967820093	-0.18819173621839402
-13.145538127825136	6.301339880408488	-12.1529220909307
-0.25442284925186165	4.544791629782063	-9.067486360472191
-14.261031783088164	2.4941922331289197	-5.021325521619957
5.530058253205779	0.8372998317848964	2.0483251093755244
-0.7075335841846022	0.8497382047732613	-6.7234467376437355
-3.993276817819452	10.041822045807113	-10.246070546269587
-3.272196331648706	0.2895381350495704	-0.19962498350220603
-6.167967795688851	0.6602935036621014	-3.4782883711001387
9.013153599448115	-2.642100837021137	3.0991904349502506
18.56748377966092	-2.261735905323627	-1.308034540063952
-3.655857359208774	-4.982406724293701	3.332617428291578
5.266524926675027	-3.125964568795912	0.8634578899061767
-0.6973585320056734	-1.2665428245300028	-1.8761566144888364
0.3687252813316688	2.824256427823706	-2.5506186590990074
-7.613535135093956	-1.7658723841317845	-1.2532860122791765
3.7448709356632692	0.95478681876694	-2.2219716124403943
5.058292771652807	-0.49050627664569946	-1.3436440260818014
6.516651246109082	-1.696887671941864	0.09621808849245128
-16.004521383408967	2.9728092397975145	-1.6879589280855107
17.52407366379354	-0.8082415232133382	11.69069975648204
-1.4266690580711705	3.7253000323958734	-0.04862251139020479
-6.966209811820672	0.8625402192863079	-3.994105618648539
0.9442100543188596	-2.8565832507057243	-0.5436389509037485
-3.4722333345853666	1.991763493651197	-0.7025895474123341
-7.224595543958002	0.6053994726863563	-0.20245368403539682
1.6978917025130864	3.9306393556912327	3.2208816827777738
10.398236005661612	-3.087116940091768	2.8304543130035773
-6.868139085106909	3.4117196953012487	-9.038377856391788
-5.439311117299211	3.745197046694837	-4.422104219970976
-2.3336951341741416	1.9166430125924276	-1.762917190707211
-9.39191152242669	0.41839636538224423	0.14819886441607866
9.691679309740998	-3.496824054886728	5.585765026103072
8.485443514441135	-3.8552993613125275	6.604229582126804
-7.562124900615597	-3.2734746526832716	3.4685671191996694
10.587688571236608	-0.025619364171479253	0.8986297722930607
6.417984114803755	-2.3160400169642323	5.768059296064132
9.83605359201232	-3.3356213762317237	2.7163442867637264
-4.273326082446306	0.8601782323542468	-4.02657845799501
0.36493982241187173	1.764580442016664	2.030796719337367
-15.539894541899285	5.1971964602802405	-11.146087250081841
-2.773773825630772	-4.10580366162093	1.3594993883946322
-2.9605550579641458	-0.26229200408813047	-3.8263302475531202
0.5826022066021093	-1.7374503566746486	3.8208140153372927
-4.663668625238033	5.736572565966841	-9.624179493617895
-5.919344370477603	2.95709942799595	0.9767839464662378
-9.118963617745141	0.9481265345427075	-2.375523353598517
2.050416273875706	-1.8263181025825492	1.5574498140105302
-6.056454140490603	-2.2216966045840834	1.4316614934606156
-10.529691693178753	2.808292406188139	-8.769361328897405
4.405504761137522	4.621508223358479	-2.9935738581673457
2.7022760478582244	-2.5123468304406793	-6.62616701844899
23.02573186718009	-7.477902085071561	10.345171278844338
4.532951959563593	-7.029854415759971	5.137627091625275
-0.2558798207918075	-2.5419534756845605	-1.5424030330467249
0.09930985514010637	0.9420786506517516	-2.761804552167751
-6.554257009367386	4.142371103699315	-7.166108500472981
7.3365449778177565	-1.0532315038562343	0.7427553679415089
1.5599549885720378	3.7495657232049866	6.915162994491434
-0.5196404164321125	-5.1431092408922945	0.12253256075236285
-17.186853103861484	-0.3670655437925572	-1.4160865998683292
-16.07114395421852	8.057462049977238	-5.284952562428007
-5.2138777165027825	0.2892540139845756	3.1468684317185223
-3.4766425190843044	2.6871153824092415	-3.8174751627483343
-13.865123195599397	-0.9308313552235705	-3.4592850679938074
-5.995427158224277	-2.416406161659558	0.02555626701108249
-0.39427879672733	3.7188004282324147	-2.91919740170239
-9.942296681636833	-0.5188769204663004	-0.04449050615130709
-9.033826979992579	1.4229571555364096	-2.49071467051542
-2.831965619075178	-3.1499828123995197	-1.379595030407852
4.643704985286107	-2.0843258798995805	4.064296820492348
-9.529439866288618	1.9255382693088148	1.5882194090697104
-12.271202150833368	-0.36927084472322225	3.1240338494908424
5.191545221822236	2.5365066635508855	-1.2106710291664056
14.958086225371014	-6.911850130478937	8.60772192513852
7.23835536642056	2.429856583107916	-2.6391171294765905
-8.598344892388566	2.6774405724508057	-11.614618427256161
-0.23560494679477983	2.1350528295501645	-8.62516929591841
-9.8050933326293	4.46772737012938	-8.928727385799498
-39.5303151411974	4.472065012594285	-8.011130646377996
-6.2259387795480094	2.6457522736636796	-4.667909983791872
-4.071962446395024	3.0686014617945765	-7.529848777886633
-7.9781324499946615	2.3797927426547933	-3.23440425684704
1.2562941906553833	2.491831238811295	1.6505594736763227
-1.4265630731705246	-1.0249316991618627	2.9434079769188926
9.020110030687487	-0.5924137192207293	-3.787167005852758
-3.8217613981146865	-3.7687693884588387	-3.290120131228168
-10.684560620966364	6.160281866510061	-12.009185935665652
0.8510986473176535	0.9864600312435572	-1.2143433428650787
11.96704891931948	-4.31303386146064	10.356531044848007
-2.5435222592647424	-0.8040022749830854	0.7662462533156547